0.00000 1.23739
0.06259 1.26930
0.12517 1.23714
0.18776 1.26981
0.25035 1.23634
0.31293 1.27094
0.37552 1.23481
0.43810 1.27296
0.50069 1.23215
0.56328 1.27651
0.62586 1.22734
0.68845 1.28325
0.75104 1.21739
0.81362 1.29916
0.87621 1.18825
0.93880 1.36935
1.00138 0.59491
1.06397 0.10792
1.12656 0.05692
1.18914 0.03765
1.25173 0.02767
1.31431 0.02161
1.37690 0.01756
1.43949 0.01467
1.50207 0.01251
1.56466 0.01085
1.62725 0.00952
1.68983 0.00845
1.75242 0.00756
1.81501 0.00681
1.87759 0.00618
1.94018 0.00564
2.00277 0.00516
2.06535 0.00475
2.12794 0.00439
2.19052 0.00407
2.25311 0.00379
2.31570 0.00353
2.37828 0.00330
2.44087 0.00309
2.50346 0.00290
2.56604 0.00273
2.62863 0.00257
2.69122 0.00243
2.75380 0.00230
2.81639 0.00218
2.87898 0.00206
2.94156 0.00196
3.00415 0.00186
3.06673 0.00177
3.12932 0.00169
3.19191 0.00161
3.25449 0.00154
3.31708 0.00147
3.37967 0.00140
3.44225 0.00134
3.50484 0.00129
3.56743 0.00123
3.63001 0.00118
3.69260 0.00113
3.75518 0.00109
3.81777 0.00105
3.88036 0.00100
3.94294 0.00097
4.00553 0.00093
4.06812 0.00089
4.13070 0.00086
4.19329 0.00083
4.25588 0.00080
4.31846 0.00077
4.38105 0.00074
4.44364 0.00071
4.50622 0.00069
4.56881 0.00066
4.63139 0.00064
4.69398 0.00062
4.75657 0.00060
4.81915 0.00057
4.88174 0.00055
4.94433 0.00053
5.00691 0.00052
5.06950 0.00050
5.13209 0.00048
5.19467 0.00046
5.25726 0.00045
5.31985 0.00043
5.38243 0.00042
5.44502 0.00040
5.50760 0.00039
5.57019 0.00037
5.63278 0.00036
5.69536 0.00035
5.75795 0.00033
5.82054 0.00032
5.88312 0.00031
5.94571 0.00030
6.00830 0.00028
6.07088 0.00027
6.13347 0.00026
6.19606 0.00025
6.25864 0.00024
6.32123 0.00023
6.38381 0.00022
6.44640 0.00021
6.50899 0.00020
6.57157 0.00019
6.63416 0.00018
6.69675 0.00017
6.75933 0.00016
6.82192 0.00015
6.88451 0.00015
6.94709 0.00014
7.00968 0.00013
7.07227 0.00012
7.13485 0.00011
7.19744 0.00010
7.26002 0.00009
7.32261 0.00009
7.38520 0.00008
7.44778 0.00007
7.51037 0.00006
7.57296 0.00005
7.63554 0.00005
7.69813 0.00004
7.76072 0.00003
7.82330 0.00002
7.88589 0.00002
7.94847 0.00001
-8.01106 0.00000
-7.94847 0.00001
-7.88589 0.00002
-7.82330 0.00002
-7.76072 0.00003
-7.69813 0.00004
-7.63554 0.00005
-7.57296 0.00005
-7.51037 0.00006
-7.44778 0.00007
-7.38520 0.00008
-7.32261 0.00009
-7.26002 0.00009
-7.19744 0.00010
-7.13485 0.00011
-7.07227 0.00012
-7.00968 0.00013
-6.94709 0.00014
-6.88451 0.00015
-6.82192 0.00015
-6.75933 0.00016
-6.69675 0.00017
-6.63416 0.00018
-6.57157 0.00019
-6.50899 0.00020
-6.44640 0.00021
-6.38381 0.00022
-6.32123 0.00023
-6.25864 0.00024
-6.19606 0.00025
-6.13347 0.00026
-6.07088 0.00027
-6.00830 0.00028
-5.94571 0.00030
-5.88312 0.00031
-5.82054 0.00032
-5.75795 0.00033
-5.69536 0.00035
-5.63278 0.00036
-5.57019 0.00037
-5.50760 0.00039
-5.44502 0.00040
-5.38243 0.00042
-5.31985 0.00043
-5.25726 0.00045
-5.19467 0.00046
-5.13209 0.00048
-5.06950 0.00050
-5.00691 0.00052
-4.94433 0.00053
-4.88174 0.00055
-4.81915 0.00057
-4.75657 0.00060
-4.69398 0.00062
-4.63139 0.00064
-4.56881 0.00066
-4.50622 0.00069
-4.44364 0.00071
-4.38105 0.00074
-4.31846 0.00077
-4.25588 0.00080
-4.19329 0.00083
-4.13070 0.00086
-4.06812 0.00089
-4.00553 0.00093
-3.94294 0.00097
-3.88036 0.00100
-3.81777 0.00105
-3.75518 0.00109
-3.69260 0.00113
-3.63001 0.00118
-3.56743 0.00123
-3.50484 0.00129
-3.44225 0.00134
-3.37967 0.00140
-3.31708 0.00147
-3.25449 0.00154
-3.19191 0.00161
-3.12932 0.00169
-3.06673 0.00177
-3.00415 0.00186
-2.94156 0.00196
-2.87898 0.00206
-2.81639 0.00218
-2.75380 0.00230
-2.69122 0.00243
-2.62863 0.00257
-2.56604 0.00273
-2.50346 0.00290
-2.44087 0.00309
-2.37828 0.00330
-2.31570 0.00353
-2.25311 0.00379
-2.19052 0.00407
-2.12794 0.00439
-2.06535 0.00475
-2.00277 0.00516
-1.94018 0.00564
-1.87759 0.00618
-1.81501 0.00681
-1.75242 0.00756
-1.68983 0.00845
-1.62725 0.00952
-1.56466 0.01085
-1.50207 0.01251
-1.43949 0.01467
-1.37690 0.01756
-1.31431 0.02161
-1.25173 0.02767
-1.18914 0.03765
-1.12656 0.05692
-1.06397 0.10792
-1.00138 0.59491
-0.93880 1.36935
-0.87621 1.18825
-0.81362 1.29916
-0.75104 1.21739
-0.68845 1.28325
-0.62586 1.22734
-0.56328 1.27651
-0.50069 1.23215
-0.43810 1.27296
-0.37552 1.23481
-0.31293 1.27094
-0.25035 1.23634
-0.18776 1.26981
-0.12517 1.23714
-0.06259 1.26930
