0.00000 0.70711
0.15585 0.70283
0.31170 0.69014
0.46756 0.66950
0.62341 0.64164
0.77926 0.60751
0.93511 0.56826
1.09097 0.52512
1.24682 0.47940
1.40267 0.43238
1.55852 0.38527
1.71438 0.33914
1.87023 0.29493
2.02608 0.25339
2.18193 0.21507
2.33779 0.18034
2.49364 0.14940
2.64949 0.12227
2.80534 0.09886
2.96120 0.07897
3.11705 0.06231
3.27290 0.04858
3.42875 0.03742
3.58461 0.02847
3.74046 0.02140
3.89631 0.01589
4.05216 0.01166
4.20802 0.00845
4.36387 0.00605
4.51972 0.00428
4.67557 0.00299
4.83143 0.00207
4.98728 0.00141
5.14313 0.00095
5.29898 0.00063
5.45484 0.00042
5.61069 0.00027
5.76654 0.00017
5.92239 0.00011
6.07825 0.00007
6.23410 0.00004
6.38995 0.00003
6.54580 0.00002
6.70166 0.00001
6.85751 0.00001
7.01336 0.00000
7.16921 0.00000
7.32507 0.00000
7.48092 0.00000
7.63677 0.00000
7.79262 0.00000
7.94847 0.00000
8.10433 0.00000
8.26018 0.00000
8.41603 0.00000
8.57188 0.00000
8.72774 0.00000
8.88359 0.00000
9.03944 0.00000
9.19529 0.00000
9.35115 0.00000
9.50700 0.00000
9.66285 0.00000
9.81870 0.00000
-9.97456 -0.00000
-9.81870 0.00000
-9.66285 0.00000
-9.50700 0.00000
-9.35115 0.00000
-9.19529 0.00000
-9.03944 0.00000
-8.88359 0.00000
-8.72774 0.00000
-8.57188 0.00000
-8.41603 0.00000
-8.26018 0.00000
-8.10433 0.00000
-7.94847 0.00000
-7.79262 0.00000
-7.63677 0.00000
-7.48092 0.00000
-7.32507 0.00000
-7.16921 0.00000
-7.01336 0.00000
-6.85751 0.00001
-6.70166 0.00001
-6.54580 0.00002
-6.38995 0.00003
-6.23410 0.00004
-6.07825 0.00007
-5.92239 0.00011
-5.76654 0.00017
-5.61069 0.00027
-5.45484 0.00042
-5.29898 0.00063
-5.14313 0.00095
-4.98728 0.00141
-4.83143 0.00207
-4.67557 0.00299
-4.51972 0.00428
-4.36387 0.00605
-4.20802 0.00845
-4.05216 0.01166
-3.89631 0.01589
-3.74046 0.02140
-3.58461 0.02847
-3.42875 0.03742
-3.27290 0.04858
-3.11705 0.06231
-2.96120 0.07897
-2.80534 0.09886
-2.64949 0.12227
-2.49364 0.14940
-2.33779 0.18034
-2.18193 0.21507
-2.02608 0.25339
-1.87023 0.29493
-1.71438 0.33914
-1.55852 0.38527
-1.40267 0.43238
-1.24682 0.47940
-1.09097 0.52512
-0.93511 0.56826
-0.77926 0.60751
-0.62341 0.64164
-0.46756 0.66950
-0.31170 0.69014
-0.15585 0.70283
